Classic Artificial Bee Colony Algorithm on knapsack
 
FINAL RESULT 
 
the best final Bee => 
data: [1. 0. 1. 1. 1. 0. 1. 1. 0. 0. 1. 1. 1. 1. 0. 1. 1. 0. 1. 1. 0. 1. 1. 1.
 1. 1. 1. 1. 1. 0. 0. 1. 1. 1. 0. 1. 0. 1. 1. 1. 1. 1. 0. 1. 0. 1. 1. 1.
 1. 1. 1. 1. 1. 1. 1. 0. 1. 1. 1. 1. 1. 1. 1. 1. 1. 1. 1. 1. 1. 0. 0. 0.
 0. 0. 0. 1. 1. 1. 1. 1. 1. 0. 1. 0. 1. 0. 1. 1. 0. 1. 1. 0. 1. 0. 1. 1.
 1. 1. 1. 1. 1. 0. 1. 1. 1. 1. 0. 1. 1. 1. 1. 0. 1. 1. 1. 1. 1. 1. 1. 1.
 1. 1. 1. 1. 1. 1. 0. 1. 1. 1. 1. 1. 1. 0. 1. 0. 0. 1. 1. 1. 1. 1. 1. 1.
 1. 0. 1. 1. 1. 1. 0. 1. 1. 1. 1. 1. 1. 0. 0. 1. 1. 1. 1. 1. 1. 1. 1. 1.
 0. 0. 0. 1. 1. 1. 0. 1. 1. 1. 0. 1. 1. 0. 1. 1. 0. 1. 1. 1. 0. 0. 1. 1.
 0. 1. 0. 1. 1. 1. 0. 1. 1. 1. 1. 0. 1. 1. 1. 1. 1. 1. 1. 1. 1. 0. 1. 1.
 1. 1. 1. 1. 1. 1. 1. 1. 0. 1. 1. 1. 1. 1. 1. 1. 1. 1. 1. 0. 1. 1. 0. 0.
 1. 1. 1. 1. 1. 1. 1. 1. 1. 1. 0. 1. 1. 1. 0. 1. 1. 0. 1. 0. 1. 0. 0. 1.
 1. 1. 1. 0. 1. 0. 1. 1. 1. 1. 1. 1. 1. 1. 1. 1. 1. 1. 1. 1. 1. 0. 0. 1.
 1. 1. 1. 1. 1. 1. 0. 0. 1. 1. 0. 1. 0. 1. 0. 1. 0. 1. 1. 1. 1. 1. 1. 1.
 1. 1. 1. 1. 1. 1. 1. 1. 1. 1. 0. 1. 1. 1. 1. 0. 0. 0. 1. 1. 0. 0. 1. 0.
 1. 1. 0. 0. 0. 1. 0. 1. 1. 1. 1. 1. 0. 1. 0. 1. 1. 1. 1. 0. 0. 0. 1. 0.
 1. 1. 0. 1. 0. 1. 1. 1. 1. 1. 1. 1. 1. 1. 1. 0. 0. 0. 1. 0. 1. 0. 1. 1.
 1. 1. 1. 0. 0. 1. 1. 1. 0. 1. 0. 1. 1. 1. 0. 1. 1. 1. 1. 0. 1. 0. 1. 1.
 1. 1. 1. 1. 0. 1. 1. 1. 1. 1. 1. 1. 1. 0. 0. 1. 1. 1. 1. 0. 1. 1. 1. 1.
 1. 1. 0. 1. 0. 1. 1. 1. 0. 1. 1. 1. 1. 1. 1. 1. 1. 1. 1. 0. 0. 0. 0. 0.
 1. 1. 0. 1. 1. 1. 1. 1. 1. 1. 1. 0. 0. 0. 1. 0. 1. 1. 0. 1. 1. 1. 1. 1.
 1. 0. 1. 1. 1. 1. 1. 1. 1. 1. 0. 1. 1. 1. 1. 0. 1. 1. 1. 1.], fitness: 298756.0 
the average fitness of all: 291944.6393442623 
 
Execution time of all: 304.03944206237793 seconds 
 
------------------------ 
COMPARE ANSWER 
 
real answer = 
my answer = 298756.0 
------------------------ 
PARAMETERS 
 
Number of Employed Bees = 200
Number of Onlooker Bees = 200
Max improvement try = 200
cross_over type = uniform
probability of crossover_onePoint = 0.7
probability of crossover_uniForm = 0.7
probability of mutation = 0.01
K tournoment percent = 6
Precedure Type = Roulette Wheel
Number of ABC algorithm's iterations = 1002
Limited Time = 300